<table border=1 cellpadding=5>
<tr>
 <th>1x1= 1</th> <th>1x2= 2</th> <th>1x3= 3</th> <th>1x4= 4</th> <th>1x5= 5</th> <th>1x6= 6</th> <th>1x7= 7</th> <th>1x8= 8</th> <th>1x9= 9</th>
</tr>
<tr>
 <th>2x1= 2</th> <th>2x2= 4</th> <th>2x3= 6</th> <th>2x4= 8</th> <th>2x5=10</th> <th>2x6=12</th> <th>2x7=14</th> <th>2x8=16</th> <th>2x9=18</th>
</tr>
<tr>
 <th>3x1= 3</th> <th>3x2= 6</th> <th>3x3= 9</th> <th>3x4=12</th> <th>3x5=15</th> <th>3x6=18</th> <th>3x7=21</th> <th>3x8=24</th> <th>3x9=27</th>
</tr>
<tr>
 <th>4x1= 4</th> <th>4x2= 8</th> <th>4x3=12</th> <th>4x4=16</th> <th>4x5=20</th> <th>4x6=24</th> <th>4x7=28</th> <th>4x8=32</th> <th>4x9=36</th>
</tr>
<tr>
 <th>5x1= 5</th> <th>5x2=10</th> <th>5x3=15</th> <th>5x4=20</th> <th>5x5=25</th> <th>5x6=30</th> <th>5x7=35</th> <th>5x8=40</th> <th>5x9=45</th>
</tr>
<tr>
 <th>6x1= 6</th> <th>6x2=12</th> <th>6x3=18</th> <th>6x4=24</th> <th>6x5=30</th> <th>6x6=36</th> <th>6x7=42</th> <th>6x8=48</th> <th>6x9=54</th>
</tr>
<tr>
 <th>7x1= 7</th> <th>7x2=14</th> <th>7x3=21</th> <th>7x4=28</th> <th>7x5=35</th> <th>7x6=42</th> <th>7x7=49</th> <th>7x8=56</th> <th>7x9=63</th>
</tr>
<tr>
 <th>8x1= 8</th> <th>8x2=16</th> <th>8x3=24</th> <th>8x4=32</th> <th>8x5=40</th> <th>8x6=48</th> <th>8x7=56</th> <th>8x8=64</th> <th>8x9=72</th>
</tr>
<tr>
 <th>9x1= 9</th> <th>9x2=18</th> <th>9x3=27</th> <th>9x4=36</th> <th>9x5=45</th> <th>9x6=54</th> <th>9x7=63</th> <th>9x8=72</th> <th>9x9=81</th>
</tr>
</table>